mariem frini 14362485 2 5 8 2004 2 0 -1
adnen khiare 56432187 1 6 10 2001 2 0 -1
fadi saidi 96325841 1 28 2 1998 1 0 -1
baha zaidi 12121212 1 6 8 2000 2 0 -1
si l9endil 11111111 1 1 1 1920 2 0 -1
miniar bouafoura 74189626 2 1 1 2001 1 0 -1
mariem frini 14362485 2 5 8 2004 2 0 -1
adnen khiare 56432187 1 6 10 2001 2 0 -1
fadi saidi 96325841 1 28 2 1998 1 0 -1
baha zaidi 12121212 1 6 8 2000 2 0 -1
si l9endil 11111111 1 1 1 1920 2 0 -1
miniar bouafoura 74189626 2 1 1 2001 1 0 -1
mariem frini 14362485 2 5 8 2004 2 0 -1
adnen khiare 56432187 1 6 10 2001 2 0 -1
fadi saidi 96325841 1 28 2 1998 1 0 -1
baha zaidi 12121212 1 6 8 2000 2 0 -1
si l9endil 11111111 1 1 1 1920 2 0 -1
miniar bouafoura 74189626 2 1 1 2001 1 0 -1
mariem frini 14362485 2 5 8 2004 2 0 -1
adnen khiare 56432187 1 6 10 2001 2 0 -1
fadi saidi 96325841 1 28 2 1998 1 0 -1
baha zaidi 12121212 1 6 8 2000 2 0 -1
si l9endil 11111111 1 1 1 1920 2 0 -1
miniar bouafoura 74189626 2 1 1 2001 1 0 -1
mariem frini 14362485 2 5 8 2004 2 0 -1
adnen khiare 56432187 1 6 10 2001 2 0 -1
fadi saidi 96325841 1 28 2 1998 1 0 -1
baha zaidi 12121212 1 6 8 2000 2 0 -1
si l9endil 11111111 1 1 1 1920 2 0 -1
miniar bouafoura 74189626 2 1 1 2001 1 0 -1
