adnen khiare 56432187 1 6 10 2001 2 98756875 -1 
baha zaidi 12121212 1 6 8 2000 2 25896478 -1 
l9endill si 11111111 2 1 1 1991 1 36417895 -1 
miniar bouafoura 74189626 2 1 1 2001 1 35791274 -1
adnen khiare 56432187 1 6 10 2001 2 98756875 -1 
baha zaidi 12121212 1 6 8 2000 2 25896478 -1 
l9endill si 11111111 2 1 1 1991 1 36417895 -1 
miniar bouafoura 74189626 2 1 1 2001 1 35791274 -1
adnen khiare 56432187 1 6 10 2001 2 98756875 -1 
baha zaidi 12121212 1 6 8 2000 2 25896478 -1 
l9endill si 11111111 2 1 1 1991 1 36417895 -1 
miniar bouafoura 74189626 2 1 1 2001 1 35791274 -1
adnen khiare 56432187 1 6 10 2001 2 98756875 -1 
baha zaidi 12121212 1 6 8 2000 2 25896478 -1 
l9endill si 11111111 2 1 1 1991 1 36417895 -1 
miniar bouafoura 74189626 2 1 1 2001 1 35791274 -1
adnen khiare 56432187 1 6 10 2001 2 98756875 -1 
baha zaidi 12121212 1 6 8 2000 2 25896478 -1 
l9endill si 11111111 2 1 1 1991 1 36417895 -1 
miniar bouafoura 74189626 2 1 1 2001 1 35791274 -1
fares frini 14362491 2 1 1 1993 1 0 -1 
moetez kooli 12365498 1 9 7 2001 1 0 -1 
